
                                   100001   1010101  10101011
                                 001111001  1     0  1      1
                                 111000111  0     0  0      1
                                   11111    1101011  11010101

                                 1010101  10101011
                                 1     0  1      1
                                 0     0  0      1
                                 1101011  11010101 

                                 1010101  10101011  01010101
                                 1     0  1      1  1      1
                                 0     0  0      1  0      1
                                 1101011  11010101  11010101
                
                                 1010101  10101011
                                 1     0  1      1
                                 0     0  0      1
                                 1101011  11010101


             1  00     0   00000  001001  0  001000  0   1  001000  1000
             0  0  1   0  100       0     0    1     1   0    0    0    0
             0  0   0  0     100    1     0    1     0   0    0    0    0
             0  0    111  11100     0     1    0      101     1     1000

                     0000  0000  0001   0000 00000   0     0
                     0     0     0   0  0    0   0  1 0    0
                     0000  000   0    0 000  00000  0  1   1 
                     0     0     0   0  0    0  0  110001  1 
                     0     0001  0000   0000 0   0 0     0 0000